2
8
4
-0.10862789470193089,-0.23516298429997692,0.12528906848802254,0.5276812101558842,
-0.9477349114842999,-0.10807622183121088,0.7321703736845789,-0.3825212621570025,
-0.08322074012470157,-0.4981679610991272,0.3379010418589173,0.5558041181374119,
-0.29651637894224864,0.5283639892123948,-0.31599422161026214,0.30189044595175957,
0.024838419712706436,0.18856022339285414,0.15265508019345464,0.2415589086358639,
-0.0535366767865519,-0.2534260906312633,-0.5261539494492201,-0.13496637548531412,
0.582816707262807,-0.5872965577854421,-0.39680214994638724,-0.4020916507278524,
0.10060016055525836,0.20113590294765132,0.31627728099955615,0.2688294020418561,
----------
4
4
0.03613226943000356,0.7846090425843484,0.15460977561765646,0.6053777401418439,
0.32623884576601436,-0.30739080787887046,0.05690145744606339,0.3698137739090406,
-0.2537918545050793,0.6013185069837721,-0.5026680115828557,0.6215506783510976,
-0.4729980382637288,-0.20175564764484757,-0.45377799444167055,-0.3683479305850382,
----------
